198671
160237
93830
103543
162580
137467
309738
173943
203962
111969
234729
91223
219120
107844
125169
99099
192522
175780
121781
211596
104082
124564
121110
110407
153076
153406
152955
169488
288684
218020
131538
101200
257972
271227
236665
113487
122683
333828
124509
165462
68673
108702
295229
96448
134387
123717
127633
285923
151492
246796
124212
223762
243859
158191
285384
125598
506297
84711
238095
86812
106590
131648
368841
357247
255530
297253
182391
132011
160567
101167
317702
125895
78166
336688
183557
126412
150590
380336
212003
130251
224037
138105
81950
268587
140250
272943
84865
101552
96844
256113
68090
112640
87560
137753
143264
291170
291280
75240
99187
98230